acb
Flexibility:  0.0000011869
Volumen:  588.805002
adb
Flexibility:  0.0000025239
Volumen:  552.420813
