acb
Flexibility:  0.0000012569
Volumen:  311.343357
adb
Flexibility:  0.0000012569
Volumen:  312.654134
