acb
Flexibility:  0.0000012615
Volumen:  311.375043
adb
Flexibility:  0.0000012538
Volumen:  311.275626
