acb
Flexibility:  0.0000011149
Volumen:  581.757504
adb
Flexibility:  0.0000010703
Volumen:  513.113930
