acb
Flexibility:  0.0000011602
Volumen:  667.766688
adb
Flexibility:  0.0000012179
Volumen:  612.521739
