acb
Flexibility:  0.0000016544
Volumen:  301.529092
adb
Flexibility:  0.0000015909
Volumen:  279.670339
