acb
Flexibility:  0.0000016592
Volumen:  301.561487
adb
Flexibility:  0.0000015951
Volumen:  279.399283
