Flexibility:  0.0000012217
Volumen:  50.963597
