acb
Flexibility:  0.0000015239
Volumen:  658.996979
adb
Flexibility:  0.0000010752
Volumen:  663.286109
