acb
Flexibility:  0.0000015047
Volumen:  791.693737
adb
Flexibility:  0.0000010096
Volumen:  764.949994
