acb
Flexibility:  0.0000018195
Volumen:  273.601175
adb
Flexibility:  0.0000016759
Volumen:  295.087552
