Flexibility:  0.0000017213
Volumen:  295.087552
