acb
Flexibility:  0.0000022506
Volumen:  109.417080
adb
Flexibility:  0.0000015569
Volumen:  120.297657
