acb
Flexibility:  0.0000023601
Volumen:  110.014281
adb
Flexibility:  0.0000015345
Volumen:  123.578281
