Flexibility:  0.0000018016
Volumen:  20.917940
