acb
Flexibility:  0.0000009866
Volumen:  684.290940
adb
Flexibility:  0.0000009106
Volumen:  886.080828
