acb
Flexibility:  0.0000011461
Volumen:  676.809608
adb
Flexibility:  0.0000010315
Volumen:  881.296093
