acb
Flexibility:  0.0000010985
Volumen:  584.475820
adb
Flexibility:  0.0000013030
Volumen:  736.672853
