Flexibility:  0.0000071674
Volumen:  523.536994
