acb
Flexibility:  0.0000019027
Volumen:  147.737285
adb
Flexibility:  0.0000016474
Volumen:  154.465712
