Flexibility:  0.0000020405
Volumen:  51.628372
