acb
Flexibility:  0.0000018701
Volumen:  52.911022
adb
Flexibility:  0.0000020410
Volumen:  51.628372
