acb
Flexibility:  0.0000009097
Volumen:  658.717943
adb
Flexibility:  0.0000009401
Volumen:  712.238116
