acb
Flexibility:  0.0000013714
Volumen:  789.136270
adb
Flexibility:  0.0000010686
Volumen:  867.706156
