acb
Flexibility:  0.0000016867
Volumen:  285.063835
adb
Flexibility:  0.0000016394
Volumen:  289.559147
