Flexibility:  0.0000016751
Volumen:  289.559147
