Flexibility:  0.0000012540
Volumen:  6.170503
