acb
Flexibility:  0.0000009262
Volumen:  27.150405
adb
Flexibility:  0.0000012545
Volumen:  6.170503
