acb
Flexibility:  0.0000018704
Volumen:  118.528783
adb
Flexibility:  0.0000017459
Volumen:  117.421430
