Flexibility:  0.0000018060
Volumen:  117.421430
