acb
Flexibility:  0.0000014180
Volumen:  785.425001
adb
Flexibility:  0.0000010308
Volumen:  866.468978
