Flexibility:  0.0000015813
Volumen:  266.861241
