acb
Flexibility:  0.0000018260
Volumen:  181.593100
adb
Flexibility:  0.0000015827
Volumen:  266.861241
