acb
Flexibility:  0.0000017875
Volumen:  270.378323
adb
Flexibility:  0.0000021996
Volumen:  262.614694
