acb
Flexibility:  0.0000017799
Volumen:  270.827725
adb
Flexibility:  0.0000021973
Volumen:  262.615328
