Flexibility:  0.0000022020
Volumen:  262.615328
