acb
Flexibility:  0.0000013023
Volumen:  320.273111
adb
Flexibility:  0.0000010993
Volumen:  336.303495
