acb
Flexibility:  0.0000027372
Volumen:  120.634294
adb
Flexibility:  0.0000033835
Volumen:  110.541446
