Flexibility:  0.0000033519
Volumen:  110.541446
