acb
Flexibility:  0.0000028833
Volumen:  121.818700
adb
Flexibility:  0.0000032865
Volumen:  110.901611
