acb
Flexibility:  0.0000018662
Volumen:  129.501070
adb
Flexibility:  0.0000016133
Volumen:  124.469581
