Flexibility:  0.0000016081
Volumen:  124.469581
