Flexibility:  0.0000013952
Volumen:  289.321287
