acb
Flexibility:  0.0000014377
Volumen:  286.389585
adb
Flexibility:  0.0000013944
Volumen:  289.321287
