acb
Flexibility:  0.0000016166
Volumen:  121.832559
adb
Flexibility:  0.0000016467
Volumen:  121.630967
