Flexibility:  0.0000016407
Volumen:  121.630967
