Flexibility:  0.0000017156
Volumen:  116.060609
