acb
Flexibility:  0.0000016372
Volumen:  134.878716
adb
Flexibility:  0.0000017902
Volumen:  116.060609
