acb
Flexibility:  0.0000013325
Volumen:  430.787496
adb
Flexibility:  0.0000011569
Volumen:  372.251807
