acb
Flexibility:  0.0000015196
Volumen:  352.584889
adb
Flexibility:  0.0000014414
Volumen:  344.484231
