acb
Flexibility:  0.0000015215
Volumen:  353.154876
adb
Flexibility:  0.0000014423
Volumen:  343.912171
