Flexibility:  0.0000014434
Volumen:  343.912171
