acb
Flexibility:  0.0000013033
Volumen:  233.320140
adb
Flexibility:  0.0000013597
Volumen:  229.487966
