Flexibility:  0.0000012940
Volumen:  230.831264
