acb
Flexibility:  0.0000013077
Volumen:  233.325639
adb
Flexibility:  0.0000013220
Volumen:  230.831264
