acb
Flexibility:  0.0000013637
Volumen:  318.417517
adb
Flexibility:  0.0000012040
Volumen:  331.542399
